[[0]]
[[1]]
[[2]]
[[3]]
[[4]]
[[5]]
[[6]]
[[7]]
[[8]]
[[9]]
[[10]]
[[10, 42]]
[[10, 45]]
[[10, 62]]
[[11]]
[[12]]
[[13]]
[[14]]
[[15]]
[[16]]
[[17]]
[[18]]
[[19]]
[[20]]
[[21]]
[[22]]
[[23]]
[[24]]
[[25]]
[[26]]
[[27]]
[[28]]
[[29]]
[[30]]
[[31]]
[[32]]
[[32, 34]]
[[32, 38]]
[[32, 40]]
[[32, 45]]
[[32, 49]]
[[32, 49, 46]]
[[32, 50, 48]]
[[32, 51]]
[[32, 55]]
[[32, 65]]
[[32, 65, 100]]
[[32, 66]]
[[32, 67]]
[[32, 67, 111, 109]]
[[32, 68]]
[[32, 69]]
[[32, 70]]
[[32, 71, 111, 111]]
[[32, 72]]
[[32, 73]]
[[32, 77]]
[[32, 77, 97, 99]]
[[32, 77, 111]]
[[32, 78]]
[[32, 80]]
[[32, 82]]
[[32, 82, 83]]
[[32, 83]]
[[32, 83, 68]]
[[32, 83, 85]]
[[32, 83, 111, 110]]
[[32, 84]]
[[32, 85]]
[[32, 85, 83]]
[[32, 86]]
[[32, 87]]
[[32, 97]]
[[32, 97, 110]]
[[32, 97, 110, 100]]
[[32, 97, 112, 112]]
[[32, 97, 115]]
[[32, 98]]
[[32, 98, 101]]
[[32, 99]]
[[32, 99, 97, 108, 108]]
[[32, 99, 97, 110]]
[[32, 99, 111, 109]]
[[32, 99, 114]]
[[32, 100]]
[[32, 100, 97, 116, 97]]
[[32, 100, 97, 116, 101]]
[[32, 101]]
[[32, 101, 109]]
[[32, 102]]
[[32, 102, 105, 108]]
[[32, 102, 111, 114]]
[[32, 103]]
[[32, 104]]
[[32, 104, 101]]
[[32, 105]]
[[32, 105, 110]]
[[32, 105, 115]]
[[32, 105, 116]]
[[32, 107]]
[[32, 107, 101, 121]]
[[32, 108]]
[[32, 108, 111]]
[[32, 108, 111, 111]]
[[32, 109]]
[[32, 109, 101, 115]]
[[32, 109, 111, 100]]
[[32, 109, 111, 100, 101, 108]]
[[32, 109, 121]]
[[32, 110]]
[[32, 110, 101]]
[[32, 111]]
[[32, 111, 102]]
[[32, 111, 110]]
[[32, 111, 114]]
[[32, 111, 114, 103]]
[[32, 111, 117, 116]]
[[32, 112]]
[[32, 112, 97, 103, 101]]
[[32, 112, 111]]
[[32, 112, 114, 111]]
[[32, 112, 114, 111, 99]]
[[32, 114, 101]]
[[32, 114, 101, 116]]
[[32, 115]]
[[32, 115, 101]]
[[32, 115, 108, 97, 115]]
[[32, 115, 111]]
[[32, 115, 111, 99]]
[[32, 115, 111, 102, 116]]
[[32, 115, 111, 117]]
[[32, 116]]
[[32, 116, 104]]
[[32, 116, 104, 97, 116]]
[[32, 116, 104, 101]]
[[32, 116, 104, 101, 110]]
[[32, 116, 105]]
[[32, 116, 111]]
[[32, 116, 114]]
[[32, 117]]
[[32, 117, 115, 101, 114]]
[[32, 118]]
[[32, 119]]
[[32, 119, 104]]
[[32, 119, 105, 108, 108]]
[[32, 121]]
[[32, 121, 111, 117]]
[[32, 121, 111, 117, 114]]
[[32, 124]]
[[32, 195]]
[[33]]
[[34]]
[[35]]
[[36]]
[[37]]
[[38]]
[[39]]
[[39, 44]]
[[39, 109]]
[[40]]
[[41]]
[[42]]
[[43]]
[[44]]
[[44, 68]]
[[45]]
[[45, 45]]
[[45, 45, 45, 45]]
[[45, 98]]
[[46]]
[[46, 10]]
[[46, 10, 45]]
[[46, 46]]
[[46, 49]]
[[47]]
[[48]]
[[48, 56]]
[[49]]
[[49, 48]]
[[49, 57]]
[[50]]
[[50, 48]]
[[50, 48, 50, 48]]
[[50, 50]]
[[51]]
[[52]]
[[53]]
[[53, 45]]
[[54]]
[[54, 48]]
[[55]]
[[56]]
[[57]]
[[58]]
[[59]]
[[59, 10]]
[[60]]
[[61]]
[[62]]
[[63]]
[[63, 63]]
[[64]]
[[65]]
[[66]]
[[67]]
[[68]]
[[69]]
[[69, 67]]
[[70]]
[[71]]
[[71, 111, 111]]
[[72]]
[[73]]
[[74]]
[[75]]
[[75, 101, 121]]
[[76]]
[[76, 68]]
[[76, 105, 110]]
[[77]]
[[77, 67]]
[[78]]
[[78, 78]]
[[79]]
[[79, 83]]
[[80]]
[[80, 104, 111]]
[[81]]
[[82]]
[[82, 76]]
[[83]]
[[84]]
[[84, 80]]
[[84, 104]]
[[85]]
[[85, 108]]
[[86]]
[[86, 67]]
[[86, 77]]
[[87]]
[[88]]
[[89]]
[[90]]
[[91]]
[[92]]
[[93]]
[[93, 91]]
[[94]]
[[95]]
[[96]]
[[97]]
[[97, 99]]
[[97, 100]]
[[97, 102]]
[[97, 103]]
[[97, 103, 101]]
[[97, 105, 108]]
[[97, 108]]
[[97, 108, 108]]
[[97, 109]]
[[97, 109, 101]]
[[97, 109, 101, 115]]
[[97, 109, 112]]
[[97, 110]]
[[97, 110, 97, 103]]
[[97, 110, 99]]
[[97, 110, 110, 101]]
[[97, 112]]
[[97, 114]]
[[97, 114, 99, 104]]
[[97, 115]]
[[97, 115, 107]]
[[97, 116]]
[[97, 116, 97]]
[[97, 116, 97, 102]]
[[97, 116, 97, 108]]
[[97, 116, 101]]
[[97, 116, 105, 111, 110]]
[[97, 116, 116, 101, 114]]
[[97, 121]]
[[98]]
[[98, 101, 100]]
[[98, 105, 108]]
[[98, 108, 101]]
[[99]]
[[99, 97]]
[[99, 104]]
[[100]]
[[100, 105, 110, 103]]
[[100, 111]]
[[101]]
[[101, 99]]
[[101, 99, 116]]
[[101, 100]]
[[101, 108]]
[[101, 109]]
[[101, 109, 80]]
[[101, 110]]
[[101, 110, 100]]
[[101, 110, 116]]
[[101, 110, 116, 117]]
[[101, 110, 117]]
[[101, 114]]
[[101, 114, 111, 108]]
[[101, 114, 116, 105]]
[[101, 114, 118, 101, 114]]
[[101, 115]]
[[101, 115, 115]]
[[101, 115, 116, 101]]
[[101, 116]]
[[101, 121]]
[[102]]
[[102, 102]]
[[102, 105, 110]]
[[102, 111, 114]]
[[102, 116]]
[[103]]
[[104]]
[[104, 97, 114]]
[[104, 105, 115]]
[[104, 111]]
[[104, 112]]
[[105]]
[[105, 98]]
[[105, 99]]
[[105, 99, 97, 108]]
[[105, 100]]
[[105, 100, 105]]
[[105, 101]]
[[105, 101, 108, 100]]
[[105, 103]]
[[105, 105]]
[[105, 108]]
[[105, 108, 108]]
[[105, 110]]
[[105, 110, 103]]
[[105, 110, 105, 110, 103]]
[[105, 111, 110]]
[[105, 114]]
[[105, 114, 116]]
[[105, 115]]
[[105, 115, 116]]
[[105, 116]]
[[105, 116, 101, 115]]
[[105, 116, 121]]
[[106]]
[[106, 97, 114]]
[[107]]
[[107, 49]]
[[107, 97]]
[[107, 101, 100]]
[[107, 105, 110]]
[[107, 105, 110, 103]]
[[108]]
[[108, 97, 99]]
[[108, 97, 115]]
[[108, 97, 121]]
[[108, 100]]
[[108, 101]]
[[108, 108]]
[[108, 111, 110]]
[[108, 111, 117]]
[[108, 116, 101, 114]]
[[108, 121]]
[[109]]
[[109, 101]]
[[109, 101, 110, 116]]
[[110]]
[[110, 100]]
[[110, 100, 101, 114]]
[[110, 100, 114, 111]]
[[110, 101]]
[[110, 116]]
[[110, 117]]
[[111]]
[[111, 84]]
[[111, 99]]
[[111, 100]]
[[111, 100, 101]]
[[111, 103]]
[[111, 107]]
[[111, 108]]
[[111, 109]]
[[111, 109, 101]]
[[111, 110]]
[[111, 110, 100]]
[[111, 110, 102]]
[[111, 110, 105]]
[[111, 110, 116]]
[[111, 111]]
[[111, 111, 116]]
[[111, 114]]
[[111, 114, 101]]
[[111, 114, 116]]
[[111, 115, 116]]
[[111, 117]]
[[111, 117, 112]]
[[111, 117, 114]]
[[111, 117, 114, 110]]
[[111, 118]]
[[111, 119]]
[[112]]
[[112, 97, 100]]
[[112, 108]]
[[112, 108, 101]]
[[112, 112]]
[[112, 117, 116]]
[[113]]
[[113, 117]]
[[114]]
[[114, 97, 110]]
[[114, 97, 115]]
[[114, 101]]
[[114, 101, 99]]
[[114, 105]]
[[114, 105, 100]]
[[114, 105, 110]]
[[114, 105, 117, 115]]
[[114, 105, 118, 101, 114]]
[[114, 111]]
[[114, 117]]
[[115]]
[[115, 44]]
[[115, 101]]
[[115, 101, 100]]
[[115, 101, 114]]
[[115, 104]]
[[115, 105, 111, 110]]
[[115, 116]]
[[115, 119]]
[[116]]
[[116, 97, 99]]
[[116, 101]]
[[116, 101, 114]]
[[116, 104]]
[[116, 105]]
[[116, 105, 99]]
[[116, 105, 111, 110]]
[[116, 111, 114]]
[[117]]
[[117, 98]]
[[117, 99]]
[[117, 103]]
[[117, 109]]
[[117, 110]]
[[117, 114]]
[[117, 114, 101]]
[[117, 115]]
[[117, 115, 105, 99]]
[[117, 116]]
[[117, 120]]
[[118]]
[[118, 101]]
[[118, 101, 114]]
[[119]]
[[119, 97, 114]]
[[119, 115]]
[[119, 119]]
[[120]]
[[121]]
[[121, 115, 116]]
[[121, 116]]
[[122]]
[[123]]
[[124]]
[[124, 10]]
[[124, 124]]
[[125]]
[[126]]
[[127]]
[[128]]
[[129]]
[[130]]
[[131]]
[[132]]
[[133]]
[[134]]
[[135]]
[[136]]
[[137]]
[[138]]
[[139]]
[[140]]
[[141]]
[[142]]
[[143]]
[[144]]
[[145]]
[[146]]
[[147]]
[[148]]
[[149]]
[[150]]
[[151]]
[[152]]
[[153]]
[[154]]
[[155]]
[[156]]
[[157]]
[[158]]
[[159]]
[[160]]
[[161]]
[[162]]
[[163]]
[[164]]
[[165]]
[[166]]
[[167]]
[[168]]
[[169]]
[[170]]
[[171]]
[[172]]
[[173]]
[[174]]
[[175]]
[[176]]
[[177]]
[[178]]
[[179]]
[[180]]
[[181]]
[[182]]
[[183]]
[[184]]
[[185]]
[[186]]
[[187]]
[[188]]
[[189]]
[[190]]
[[191]]
[[192]]
[[193]]
[[194]]
[[195]]
[[196]]
[[196, 129]]
[[197]]
[[198]]
[[199]]
[[200]]
[[201]]
[[202]]
[[203]]
[[204]]
[[205]]
[[206]]
[[207]]
[[208]]
[[209]]
[[210]]
[[211]]
[[212]]
[[213]]
[[214]]
[[215]]
[[216]]
[[217]]
[[218]]
[[219]]
[[220]]
[[221]]
[[222]]
[[223]]
[[224]]
[[225]]
[[226]]
[[226, 128]]
[[227]]
[[228]]
[[229]]
[[230]]
[[231]]
[[232]]
[[233]]
[[234]]
[[235]]
[[236]]
[[237]]
[[238]]
[[239]]
[[240]]
[[241]]
[[242]]
[[243]]
[[244]]
[[245]]
[[246]]
[[247]]
[[248]]
[[249]]
[[250]]
[[251]]
[[252]]
[[253]]
[[254]]
[[255]]
